, , , -655735136, 
, , , -655735136, 
, , , -655735136, 
, , , -655735136, 
, , , -655735136, 
, , , -655735136, 
, , , -655735136, 
, , , -655735136, 
, , , -655735136, 
, , , -655735136, 
, , , -655735136, 
, , , -655735136, 
, , , -655735136, 
, , , -655735136, 
, , , -655735136, 
, , , -655735136, 
, , , -655735136, 
, , , -655735136, 
, , , -655735136, 
, , , -655735136, 
, , , -655735136, 
, , , -655735136, 
, , , -655735136, 
, , , -655735136, 
, , , -655735136, 
, , , -655735136, 
, , , -655735136, 
, , , -655735136, 
, , , -655735136, 
, , , -655735136, 
, , , -655735136, 
, , , -655735136, 
, , , -655735136, 
, , , -655735136, 
, , , -655735136, 
, , , -655735136, 
, , , -655735136, 
, , , -655735136, 
, , , -655735136, 
, , , -655735136, 
, , , -655735136, 
, , , -655735136, 
, , , -655735136, 
, , , -655735136, 
, , , -655735136, 
, , , -655735136, 
, , , -655735136, 
, , , -655735136, 
, , , -655735136, 
, , , -655735136, 
